0.22728587962962968 0.6121238425925926 0.10995370370370366 0.06799768518518512
0.2258391203703704 0.6989293981481481 0.06655092592592593 0.05063657407407407
0.2055844907407408 0.7271412037037037 0.05787037037037032 0.02604166666666663
0.38787615740740744 0.6063368055555556 0.15046296296296302 0.05931712962962965
0.4262152777777778 0.4978298611111111 0.10850694444444436 0.08246527777777779
0.27358217592592593 0.5267650462962963 0.09259259259259253 0.05353009259259256
0.08912037037037042 0.6475694444444444 0.06510416666666669 0.06365740740740744
0.10648148148148152 0.8428819444444444 0.05063657407407404 0.04050925925925941
0.04354745370370375 0.843605324074074 0.05497685185185187 0.07957175925925919
0.027633101851851905 0.9267939814814814 0.04918981481481479 0.05497685185185164
0.2822627314814815 0.27068865740740744 0.09259259259259259 0.05353009259259256
0.31264467592592593 0.0818865740740741 0.10995370370370366 0.12152777777777775
