0.622974537037037 0.09273726851851855 0.04774305555555547 0.04774305555555555
0.6077835648148149 0.1383101851851852 0.04629629629629617 0.043402777777777776
0.5325520833333334 0.13035300925925927 0.03182870370370372 0.0535300925925926
0.5115740740740741 0.09273726851851855 0.08535879629629628 0.05063657407407407
0.6273148148148149 0.2092013888888889 0.07089120370370372 0.05497685185185186
0.6837384259259258 0.1158854166666667 0.05642361111111105 0.03616898148148148
0.6613136574074074 0.1600115740740741 0.023148148148148362 0.04629629629629628
0.7560763888888888 0.11082175925925929 0.04484953703703698 0.05208333333333334
0.7242476851851851 0.1672453703703704 0.05353009259259256 0.05208333333333334
0.697482638888889 0.24030671296296302 0.09259259259259256 0.06221064814814817
0.7915219907407407 0.2432002314814815 0.09837962962962987 0.05931712962962965
0.8479456018518519 0.19039351851851855 0.078125 0.04340277777777776
0.9542824074074074 0.23668981481481485 0.07957175925925908 0.06655092592592587
0.8949652777777777 0.2800925925925926 0.0361689814814814 0.04340277777777779
0.923900462962963 0.3133680555555556 0.07957175925925952 0.07233796296296302
