0.7314814814814815 0.20269097222222227 0.08825231481481466 0.08246527777777782
0.6381655092592593 0.47468171296296297 0.07523148148148151 0.06799768518518523
0.48987268518518523 0.4855324074074074 0.06221064814814814 0.07523148148148151
0.34736689814814814 0.7430555555555555 0.054976851851851916 0.06655092592592582
0.29456018518518523 0.8030960648148147 0.050636574074074014 0.05931712962962965
0.11371527777777782 0.6605902777777777 0.07957175925925926 0.08969907407407407
0.3401331018518519 0.054398148148148175 0.06076388888888895 0.06944444444444443
0.43127893518518523 0.12456597222222224 0.06365740740740744 0.07378472222222221
0.4696180555555556 0.04861111111111114 0.06221064814814814 0.09259259259259257
0.6446759259259258 0.07320601851851855 0.05063657407407407 0.05497685185185183
0.6099537037037037 0.10214120370370372 0.0737847222222221 0.06655092592592592
0.6215277777777778 0.15350115740740744 0.08825231481481488 0.08246527777777778
0.5513599537037037 0.2808159722222222 0.078125 0.08825231481481483
0.5028935185185186 0.21715856481481483 0.07957175925925919 0.06510416666666671
0.4066840277777778 0.23307291666666669 0.052083333333333315 0.05353009259259256
0.40740740740740744 0.34881365740740744 0.05063657407407407 0.03327546296296302
0.42983217592592593 0.29962384259259267 0.052083333333333426 0.053530092592592615
0.4515335648148149 0.25332754629629634 0.052083333333333315 0.05931712962962957
0.49565972222222227 0.3307291666666667 0.08246527777777779 0.09259259259259256
0.3719618055555556 0.4262152777777778 0.12152777777777779 0.10127314814814808
0.32204861111111116 0.26056134259259267 0.04774305555555558 0.053530092592592615
