0.5925925925925926 0.8349247685185185 0.05063657407407407 0.09403935185185186
0.6982060185185186 0.7473958333333333 0.05642361111111127 0.078125
0.6316550925925926 0.603443287037037 0.10271990740740744 0.07089120370370372
0.4732349537037037 0.6085069444444444 0.05497685185185186 0.06944444444444453
0.4254918981481482 0.6063368055555555 0.06076388888888895 0.0795717592592593
0.28153935185185186 0.6099537037037036 0.047743055555555525 0.06944444444444442
0.1867766203703704 0.6077835648148147 0.04629629629629636 0.06799768518518523
0.07826967592592597 0.8269675925925926 0.0665509259259259 0.08680555555555547
0.18460648148148148 0.5238715277777777 0.047743055555555525 0.07667824074074081
0.06307870370370376 0.5831886574074074 0.08246527777777776 0.05063657407407407
0.06741898148148154 0.48553240740740744 0.07667824074074074 0.046296296296296335
0.06814236111111116 0.44212962962962965 0.07523148148148148 0.04629629629629628
0.06524884259259264 0.3936631944444444 0.08680555555555554 0.047743055555555525
0.07248263888888892 0.29817708333333337 0.08101851851851852 0.047743055555555525
0.2301793981481482 0.30975115740740744 0.04918981481481488 0.07378472222222221
0.39221643518518523 0.3857060185185185 0.04918981481481488 0.06365740740740738
0.525318287037037 0.39293981481481477 0.04918981481481477 0.07812499999999994
0.5730613425925927 0.3017939814814815 0.05497685185185186 0.0752314814814814
0.5824652777777779 0.3914930555555556 0.04774305555555547 0.07812499999999994
0.625144675925926 0.3849826388888889 0.05208333333333337 0.07957175925925919
0.6750578703703705 0.38787615740740744 0.04195601851851849 0.0766782407407407
0.7199074074074074 0.30251736111111116 0.06799768518518534 0.07957175925925924
0.7662037037037037 0.3871527777777778 0.05063657407407396 0.07233796296296291
0.8139467592592592 0.30107060185185186 0.04774305555555558 0.07378472222222215
0.7821180555555556 0.525318287037037 0.09982638888888884 0.06799768518518517
0.9058159722222221 0.5231481481481481 0.05787037037037024 0.07812500000000006
0.8153935185185186 0.38498263888888895 0.05353009259259267 0.07089120370370366
0.8660300925925926 0.38353587962962965 0.04774305555555536 0.07089120370370372
0.9477719907407407 0.30396412037037035 0.04918981481481488 0.08825231481481483
0.7965856481481481 0.15205439814814817 0.05353009259259245 0.06510416666666664
0.7452256944444444 0.15856481481481483 0.04918981481481477 0.08680555555555555
0.5983796296296295 0.16145833333333334 0.05353009259259256 0.07233796296296297
0.65625 0.06741898148148152 0.05063657407407418 0.08680555555555557
0.7076099537037037 0.06886574074074077 0.04629629629629628 0.06365740740740738
0.5014467592592593 0.0717592592592593 0.053530092592592615 0.07523148148148148
0.5600405092592593 0.07031250000000003 0.06365740740740744 0.08969907407407407
0.4146412037037037 0.07248263888888892 0.05353009259259256 0.07089120370370372
0.3647280092592593 0.16652199074074076 0.05208333333333326 0.08535879629629632
0.2612847222222222 0.16652199074074076 0.05353009259259253 0.0795717592592593
0.2236689814814815 0.07754629629629632 0.05063657407407404 0.078125
0.31553819444444453 0.07248263888888892 0.043402777777777735 0.07667824074074076
0.8739872685185186 0.8334780092592593 0.05497685185185153 0.08825231481481477
