0.22945601851851855 0.2432002314814815 0.05063657407407415 0.08246527777777779
0.5513599537037037 0.4739583333333333 0.0752314814814814 0.05208333333333337
0.49927662037037035 0.3719618055555556 0.054976851851851805 0.04195601851851849
0.5057870370370371 0.41391782407407407 0.06510416666666674 0.04774305555555547
0.47974537037037035 0.46744791666666663 0.06221064814814814 0.062210648148148195
0.44068287037037035 0.3878761574074074 0.06799768518518517 0.04774305555555547
0.36328125 0.43344907407407407 0.08391203703703698 0.06655092592592599
0.12528935185185192 0.6642071759259259 0.05063657407407404 0.07089120370370372
0.1672453703703704 0.7495659722222222 0.04774305555555555 0.07089120370370372
0.16001157407407413 0.8761574074074073 0.04774305555555558 0.06365740740740744
0.10503472222222225 0.8718171296296295 0.06799768518518515 0.07523148148148151
0.7510127314814815 0.3451967592592593 0.06655092592592582 0.060763888888888895
0.599826388888889 0.07392939814814817 0.08246527777777768 0.09114583333333333
