0.47974537037037035 0.7488425925925926 0.06510416666666669 0.078125
0.19618055555555558 0.6388888888888888 0.12297453703703706 0.08680555555555558
0.09563078703703709 0.7741608796296295 0.10416666666666664 0.10271990740740744
0.5759548611111112 0.7430555555555556 0.0752314814814814 0.06944444444444453
0.6649305555555556 0.5969328703703703 0.05063657407407407 0.09837962962962954
0.5911458333333335 0.6273148148148147 0.07089120370370361 0.12152777777777779
0.701099537037037 0.7199074074074073 0.08246527777777768 0.06944444444444442
0.7690972222222221 0.49782986111111116 0.09693287037037013 0.08535879629629634
0.9441550925925926 0.36183449074074076 0.08246527777777746 0.11140046296296291
0.9231770833333333 0.2822627314814815 0.08969907407407407 0.041956018518518545
0.7242476851851851 0.2359664351851852 0.16348379629629617 0.10850694444444448
0.8682002314814815 0.16290509259259262 0.13888888888888884 0.09837962962962962
