0.20196759259259264 0.43923611111111105 0.13165509259259262 0.08969907407407401
0.10358796296296299 0.5274884259259258 0.12876157407407401 0.06944444444444453
0.15711805555555564 0.5745081018518519 0.10561342592592596 0.05353009259259256
0.13324652777777782 0.6359953703703703 0.06076388888888884 0.05497685185185186
0.16652199074074078 0.6880787037037037 0.040509259259259245 0.05787037037037035
0.13035300925925933 0.7698206018518519 0.09548611111111112 0.07378472222222232
0.24537037037037043 0.7879050925925926 0.059317129629629595 0.03472222222222221
0.2562210648148149 0.7372685185185185 0.06944444444444445 0.0376157407407407
0.39438657407407407 0.7756076388888888 0.07378472222222227 0.0419560185185186
0.4131944444444445 0.8522858796296295 0.05063657407407407 0.0390625
0.357494212962963 0.8472222222222221 0.054976851851851916 0.04629629629629617
0.42983217592592593 0.7799479166666666 0.043402777777777846 0.08825231481481488
0.5810185185185186 0.8219039351851851 0.07378472222222221 0.06510416666666663
0.5318287037037037 0.7669270833333333 0.0824652777777779 0.04484953703703709
0.5173611111111112 0.8103298611111109 0.04484953703703698 0.03616898148148151
0.45298032407407407 0.8472222222222221 0.028935185185185175 0.03472222222222221
0.4927662037037037 0.857349537037037 0.10271990740740744 0.06076388888888895
0.47395833333333337 0.7734374999999999 0.036168981481481455 0.09259259259259256
0.5354456018518519 0.734375 0.08101851851851849 0.02314814814814825
0.2583912037037037 0.5528067129629629 0.05642361111111105 0.06221064814814814
0.3111979166666667 0.5050636574074073 0.06655092592592593 0.041956018518518545
0.3075810185185186 0.55859375 0.047743055555555636 0.05642361111111116
0.2887731481481482 0.6157407407407407 0.04195601851851849 0.06365740740740744
0.24971064814814817 0.6179108796296295 0.047743055555555525 0.05931712962962965
0.3343460648148148 0.6070601851851851 0.06076388888888884 0.06365740740740744
0.3784722222222223 0.51953125 0.09114583333333331 0.10561342592592587
0.3227719907407408 0.29021990740740744 0.11284722222222227 0.07233796296296302
0.2822627314814815 0.10503472222222227 0.06944444444444448 0.09548611111111112
0.04282407407407412 0.6041666666666666 0.07089120370370368 0.0405092592592593
0.06452546296296302 0.634548611111111 0.07089120370370372 0.0376157407407407
0.6649305555555556 0.6273148148148148 0.05353009259259256 0.05787037037037046
0.4913194444444444 0.42476851851851855 0.07667824074074064 0.06944444444444442
0.615017361111111 0.4963831018518518 0.13599537037037046 0.06510416666666663
0.8942418981481484 0.505787037037037 0.09548611111111105 0.14467592592592593
0.9597511574074075 0.5311053240740741 0.07893518518518516 0.10271990740740744
0.5795717592592593 0.2605613425925926 0.05063657407407407 0.06510416666666663
0.5824652777777779 0.37051504629629634 0.05931712962962965 0.03616898148148151
0.5390625 0.3408564814814815 0.03906250000000011 0.04629629629629628
0.5600405092592593 0.08478009259259262 0.10127314814814803 0.07523148148148145
0.6265914351851852 0.18098958333333337 0.0434027777777779 0.0679976851851852
0.6417824074074074 0.040943287037037056 0.08246527777777768 0.08188657407407408
0.5759548611111112 0.03486689814814818 0.05497685185185186 0.05931712962962963
0.4898726851851852 0.14988425925925927 0.08246527777777779 0.05497685185185186
