0.5672743055555556 0.45949074074074076 0.08680555555555547 0.078125
0.6403356481481481 0.44502314814814814 0.07378472222222221 0.05787037037037035
0.7112268518518519 0.43344907407407407 0.07667824074074059 0.057870370370370405
0.6569733796296295 0.5043402777777778 0.07523148148148151 0.07233796296296302
0.5991030092592593 0.5245949074074073 0.05208333333333315 0.06365740740740744
0.5868055555555556 0.5831886574074073 0.07089120370370361 0.05353009259259256
0.6005497685185185 0.6244212962962963 0.04918981481481466 0.04340277777777779
0.6678240740740741 0.583912037037037 0.0766782407407407 0.06076388888888884
0.662037037037037 0.5506365740740741 0.08825231481481477 0.06365740740740744
0.7264178240740741 0.5325520833333333 0.06365740740740744 0.06799768518518506
0.35026041666666674 0.6779513888888888 0.054976851851851916 0.05208333333333348
0.40523726851851855 0.9239004629629628 0.04340277777777779 0.05208333333333337
0.44936342592592593 0.8971354166666666 0.07089120370370366 0.09693287037037024
0.5094039351851851 0.8797743055555556 0.05208333333333337 0.06799768518518512
0.6135706018518519 0.8725405092592592 0.04918981481481488 0.06799768518518512
0.6511863425925926 0.8559027777777777 0.06076388888888895 0.07523148148148151
0.6743344907407407 0.9014756944444444 0.05497685185185197 0.06510416666666663
0.7314814814814815 0.818287037037037 0.10850694444444442 0.09548611111111116
0.7965856481481483 0.7611400462962962 0.0795717592592593 0.06799768518518512
0.8631365740740741 0.6808449074074074 0.06221064814814814 0.07523148148148151
0.3119212962962964 0.952879050925926 0.12297453703703703 0.0926793981481483
