0.5173611111111112 0.4855324074074074 0.10561342592592599 0.12152777777777779
0.3104745370370371 0.2381365740740741 0.1142939814814814 0.13020833333333331
0.24464699074074078 0.36472800925925924 0.10706018518518517 0.13165509259259256
0.2562210648148149 0.5036168981481481 0.08969907407407407 0.16059027777777773
0.03269675925925933 0.6208043981481481 0.06221064814814815 0.0795717592592593
0.14988425925925933 0.47685185185185186 0.05642361111111112 0.0636574074074075
0.07754629629629635 0.3755787037037037 0.10271990740740741 0.1157407407407407
0.06018518518518523 0.11660879629629634 0.05931712962962962 0.06655092592592594
0.1448206018518519 0.09346064814814817 0.10416666666666664 0.05208333333333333
0.17954282407407413 0.17086226851851855 0.06655092592592596 0.09403935185185187
0.25766782407407407 0.064525462962963 0.05787037037037032 0.08680555555555557
0.8862847222222223 0.05512152777777781 0.09982638888888884 0.0708912037037037
0.9441550925925926 0.10431134259259262 0.04774305555555536 0.0708912037037037
0.951388888888889 0.28009259259259256 0.0824652777777779 0.25462962962962954
0.16073495370370372 0.3878761574074074 0.08680555555555552 0.08825231481481477
0.03342013888888895 0.22005208333333337 0.06076388888888889 0.10561342592592596
0.07465277777777782 0.20486111111111113 0.04484953703703702 0.05497685185185186
0.12022569444444448 0.18532986111111116 0.04629629629629632 0.05931712962962962
0.03414351851851858 0.28153935185185186 0.06510416666666664 0.0665509259259259
0.0522280092592593 0.48480902777777773 0.08101851851851852 0.09693287037037035
