0.5419560185185186 0.5361689814814816 0.05208333333333337 0.02893518518518523
0.5419560185185186 0.5848765432098766 0.027006172839506126 0.047260802469135665
0.5795717592592593 0.5887345679012346 0.027006172839506237 0.04918981481481477
0.17544367283950624 0.3702739197530865 0.05208333333333334 0.054012345679012363
0.16290509259259267 0.2781635802469137 0.04436728395061726 0.024112654320987692
0.15518904320987664 0.2005208333333334 0.042438271604938266 0.030864197530864224
0.18412422839506182 0.07561728395061736 0.044367283950617314 0.056905864197530846
0.24006558641975317 0.0577739197530865 0.042438271604938294 0.03279320987654321
0.2448881172839507 0.07754629629629638 0.02507716049382716 0.03182870370370369
0.29070216049382724 0.022569444444444534 0.0376157407407407 0.039544753086419755
0.3389274691358026 0.03028549382716058 0.047260802469135776 0.02411265432098766
0.48360339506172845 0.06838348765432108 0.05304783950617287 0.028935185185185182
0.6220100308641976 0.5790895061728396 0.06172839506172845 0.0414737654320988
0.689525462962963 0.564621913580247 0.050154320987654266 0.024112654320987637
0.691454475308642 0.5877700617283952 0.04629629629629628 0.022183641975308643
0.7425733024691359 0.5699266975308643 0.05979938271604934 0.05208333333333337
0.767650462962963 0.5573881172839507 0.03665123456790109 0.030864197530864113
0.7763310185185186 0.5212191358024691 0.027006172839506126 0.02604166666666663
0.736304012345679 0.5053047839506174 0.035686728395061706 0.023148148148148195
0.7406442901234569 0.48263888888888895 0.04050925925925919 0.020254629629629706
0.7483603395061729 0.380883487654321 0.05015432098765438 0.0559413580246913
0.7445023148148149 0.4160879629629631 0.042438271604938294 0.024112654320987637
0.7589699074074074 0.3148148148148149 0.050154320987654266 0.0376157407407407
0.7792245370370371 0.23620756172839513 0.04436728395061729 0.03279320987654319
0.7938485360360361 0.14351069819819826 0.0563063063063064 0.07742117117117114
0.6034628378378378 0.061162725225225284 0.061233108108108114 0.060529279279279286
0.6558980855855856 0.05447635135135141 0.03941441441441451 0.05419481981981983
0.8388935810810811 0.26949605855855857 0.05067567567567566 0.036599099099099086
0.8307995495495496 0.3208755630630631 0.0415259009009008 0.035191441441441484
0.8747888513513514 0.31067004504504503 0.042229729729729826 0.05701013513513514
0.3198198198198199 0.15266047297297303 0.0485641891891892 0.049268018018018
0.38633164414414417 0.12380349099099106 0.04082207207207211 0.07179054054054053
