0.42222691441441446 0.31489301801801806 0.07601351351351349 0.09783220720720714
0.5492680180180181 0.16356981981981988 0.07390202702702708 0.10346283783783784
0.2856841216216216 0.11887668918918926 0.06615990990990989 0.06052927927927927
0.2621058558558559 0.1716638513513514 0.061233108108108114 0.06756756756756754
0.4975365990990991 0.11852477477477483 0.06615990990990989 0.09220157657657657
0.4408783783783784 0.17096002252252257 0.12880067567567566 0.098536036036036
0.44967623873873874 0.25190033783783783 0.06756756756756754 0.06897522522522523
0.6055743243243243 0.19242680180180183 0.07249436936936937 0.08938626126126123
0.6266891891891893 0.2357122747747748 0.055602477477477485 0.07038288288288289
0.6115568693693694 0.818482545045045 0.061936936936936915 0.09853603603603611
0.40392736486486486 0.5608811936936937 0.06475225225225223 0.0760135135135136
0.6530827702702703 0.6963682432432432 0.049268018018018056 0.042933558558558516
0.2480292792792793 0.29518581081081086 0.051379504504504486 0.06123310810810806
0.2881475225225225 0.34480574324324326 0.07249436936936937 0.056306306306306286
0.7488034909909911 0.29237049549549554 0.07601351351351349 0.05982545045045046
0.6192989864864864 0.3039836711711712 0.11402027027027029 0.08445945945945943
0.41730011261261263 0.818482545045045 0.08164414414414412 0.0760135135135136
0.23113738738738743 0.7389498873873874 0.12176238738738732 0.13935810810810823
0.21213400900900903 0.5358952702702703 0.06827139639639637 0.06264076576576572
0.2680884009009009 0.46938344594594594 0.0436373873873874 0.046452702702702686
0.19031531531531534 0.33776745495495497 0.042933558558558516 0.0591216216216216
0.161865234375 0.27376302083333337 0.04720052083333334 0.06591796875000003
0.20052083333333331 0.2810872395833333 0.04964192708333334 0.06429036458333334
0.11832682291666666 0.5455729166666666 0.03824869791666667 0.07731119791666674
