0.5180844907407407 0.6114004629629629 0.06944444444444453 0.06655092592592582
0.5701678240740741 0.6772280092592592 0.08969907407407418 0.08535879629629628
0.6077835648148148 0.7640335648148148 0.08391203703703698 0.0766782407407407
0.6714409722222223 0.8334780092592591 0.08969907407407407 0.07667824074074081
0.7054398148148149 0.9123263888888888 0.09693287037037046 0.08680555555555558
0.5484664351851852 0.9419849537037036 0.0983796296296297 0.0737847222222221
0.5007233796296297 0.87109375 0.0954861111111111 0.06799768518518512
0.4848090277777778 0.7857349537037037 0.06944444444444448 0.07667824074074081
0.38281250000000006 0.8530092592592593 0.09693287037037035 0.08101851851851849
0.41536458333333337 0.7365451388888888 0.0983796296296297 0.07957175925925908
0.25694444444444453 0.8356481481481481 0.0940393518518518 0.078125
0.15350115740740747 0.8146701388888888 0.0636574074074074 0.05063657407407407
0.08912037037037042 0.9484953703703702 0.09693287037037032 0.078125
0.03045428240740744 0.8206354974160207 0.06090856481481488 0.07124784668389328
0.14843750000000006 0.6323784722222222 0.09114583333333329 0.0766782407407407
0.3509837962962963 0.6005497685185185 0.0940393518518518 0.0795717592592593
0.8240740740740741 0.3958333333333333 0.12586805555555558 0.09837962962962954
0.796585648148148 0.3343460648148149 0.10850694444444442 0.09114583333333331
0.7350983796296295 0.23885995370370372 0.10995370370370361 0.07378472222222221
0.9489004629629629 0.30975115740740744 0.10063657407407411 0.0766782407407407
0.9325810185185185 0.24464699074074076 0.1056134259259256 0.09114583333333334
0.8580729166666667 0.1715856481481482 0.1215277777777779 0.08680555555555555
0.8096064814814814 0.1086516203703704 0.10561342592592571 0.0853587962962963
