0.7061631944444444 0.1969039351851852 0.08680555555555547 0.08535879629629628
0.6924189814814814 0.28804976851851855 0.08535879629629639 0.09114583333333337
0.650462962962963 0.25332754629629634 0.09693287037037035 0.0882523148148148
0.59765625 0.22149884259259262 0.08680555555555558 0.09693287037037035
0.5933159722222223 0.13686342592592593 0.09837962962962965 0.08680555555555555
0.5383391203703705 0.0920138888888889 0.05787037037037035 0.0694444444444444
0.46093750000000006 0.0891203703703704 0.09693287037037035 0.08969907407407408
0.37702546296296297 0.17230902777777782 0.10271990740740744 0.10271990740740744
0.4131944444444445 0.2106481481481482 0.11429398148148151 0.12442129629629628
0.2887731481481482 0.04745370370370371 0.07089120370370361 0.09490740740740743
0.22583912037037043 0.1064814814814815 0.08391203703703703 0.11574074074074073
0.3090277777777778 0.10677083333333334 0.20688657407407413 0.21354166666666669
0.14265046296296302 0.23885995370370372 0.07089120370370372 0.07667824074074073
0.18315972222222227 0.25405092592592593 0.06221064814814817 0.04629629629629625
0.06524884259259266 0.20124421296296297 0.0752314814814815 0.0679976851851852
0.16145833333333337 0.07754629629629634 0.053530092592592615 0.06944444444444445
0.10503472222222225 0.0695891203703704 0.05931712962962962 0.05642361111111111
0.11226851851851856 0.11660879629629631 0.04774305555555555 0.043402777777777776
0.1650752314814815 0.16073495370370375 0.060763888888888895 0.056423611111111105
0.5159143518518519 0.2164351851851852 0.06510416666666674 0.06944444444444448
0.6728877314814815 0.06524884259259262 0.06944444444444442 0.06510416666666667
0.5954861111111112 0.03009259259259261 0.05063657407407396 0.06018518518518522
0.7445023148148149 0.07754629629629634 0.08535879629629617 0.06655092592592594
0.7792245370370371 0.11950231481481484 0.06799768518518534 0.07523148148148148
0.8269675925925926 0.15639467592592596 0.08246527777777757 0.09114583333333331
0.8761574074074074 0.19473379629629634 0.0708912037037035 0.078125
0.9087094907407409 0.21932870370370372 0.06944444444444431 0.06365740740740744
0.927517361111111 0.1404803240740741 0.07523148148148162 0.07957175925925926
0.873263888888889 0.10214120370370372 0.05353009259259234 0.06655092592592592
0.83203125 0.06741898148148152 0.08101851851851849 0.08101851851851853
0.7575231481481481 0.32204861111111116 0.10271990740740744 0.10706018518518517
0.7748842592592593 0.42476851851851855 0.07667824074074092 0.07233796296296291
0.728587962962963 0.447193287037037 0.06510416666666663 0.07089120370370372
0.9311342592592593 0.32277199074074076 0.08825231481481488 0.10561342592592593
0.9542824074074074 0.38353587962962965 0.07957175925925908 0.08825231481481483
0.958304398148148 0.5802951388888888 0.08182870370370388 0.06221064814814814
0.9369212962962963 0.6526331018518519 0.07957175925925919 0.09982638888888895
0.9655381944444446 0.6945891203703703 0.0673611111111111 0.0766782407407407
0.9282407407407408 0.7777777777777777 0.0824652777777779 0.09837962962962965
0.8754340277777777 0.8175636574074074 0.08391203703703698 0.09114583333333337
0.7900752314814814 0.63671875 0.08680555555555547 0.08535879629629628
0.6526331018518519 0.550636574074074 0.06655092592592593 0.07523148148148151
0.6106770833333334 0.49855324074074076 0.06365740740740744 0.07523148148148151
0.5730613425925926 0.4204282407407407 0.06655092592592593 0.07233796296296297
0.5202546296296297 0.3951099537037037 0.07667824074074087 0.08246527777777773
0.48408564814814814 0.35966435185185186 0.07089120370370372 0.0925925925925925
0.564380787037037 0.33579282407407407 0.07812500000000011 0.08246527777777773
0.615017361111111 0.39076967592592593 0.09259259259259256 0.09982638888888884
0.5491898148148149 0.5860821759259259 0.08825231481481477 0.09114583333333326
0.5557002314814816 0.6808449074074073 0.08391203703703709 0.10127314814814814
0.6012731481481481 0.6410590277777777 0.08825231481481488 0.09114583333333337
0.4681712962962963 0.7589699074074073 0.07089120370370366 0.08680555555555558
0.46455439814814814 0.662037037037037 0.07812499999999994 0.08969907407407407
0.42187500000000006 0.6989293981481481 0.07378472222222221 0.09403935185185197
0.3813657407407408 0.7394386574074073 0.08535879629629628 0.10561342592592582
0.3220486111111111 0.7879050925925926 0.08246527777777779 0.10127314814814814
0.3893229166666667 0.8450520833333333 0.10416666666666663 0.09982638888888895
0.33868634259259267 0.8819444444444444 0.08391203703703703 0.10127314814814825
0.25766782407407407 0.6743344907407407 0.1070601851851852 0.12008101851851849
0.25115740740740744 0.298900462962963 0.14612268518518512 0.14178240740740738
0.2866030092592593 0.3502604166666667 0.13310185185185183 0.1548032407407407
0.13614004629629634 0.40451388888888884 0.07812500000000004 0.08391203703703698
0.12745949074074076 0.4992766203703703 0.08101851851851846 0.09114583333333337
0.12673611111111113 0.6106770833333333 0.056423611111111105 0.05931712962962965
0.06018518518518526 0.6801215277777777 0.08246527777777776 0.07378472222222221
0.10720486111111116 0.8486689814814815 0.08391203703703703 0.07233796296296302
0.1498842592592593 0.7994791666666666 0.08535879629629628 0.07523148148148162
0.19690393518518523 0.7698206018518519 0.08101851851851852 0.08535879629629639
0.2504340277777778 0.8703703703703702 0.07233796296296288 0.08391203703703698
0.26128472222222227 0.9557291666666665 0.07957175925925927 0.0810185185185186
0.4717881944444445 0.47974537037037035 0.10995370370370361 0.10706018518518512
0.37485532407407407 0.38208912037037035 0.06944444444444436 0.07667824074074076
0.45587384259259267 0.2952835648148148 0.08391203703703703 0.08825231481481477
0.3820891203703704 0.5607638888888888 0.09548611111111105 0.10127314814814814
0.34664351851851855 0.6106770833333333 0.08246527777777779 0.09403935185185197
0.3061342592592593 0.4399594907407407 0.09693287037037035 0.10850694444444436
0.23017939814814817 0.5274884259259259 0.057870370370370405 0.05497685185185186
0.6200810185185186 0.8009259259259258 0.09114583333333337 0.08680555555555547
0.662037037037037 0.759693287037037 0.06799768518518523 0.10850694444444442
0.7358217592592593 0.6902488425925926 0.11140046296296291 0.12297453703703698
0.6721643518518519 0.8587962962962963 0.07378472222222221 0.09259259259259256
0.6352719907407407 0.896412037037037 0.10127314814814803 0.08101851851851849
