0.7242476851851851 0.33362268518518523 0.07667824074074092 0.06944444444444448
0.5520833333333333 0.28804976851851855 0.07089120370370361 0.08535879629629628
0.63671875 0.26345486111111116 0.15046296296296302 0.11718749999999994
0.5890625 0.819921875 0.12187500000000007 0.08984375
0.47382812500000004 0.89140625 0.11796875000000001 0.06093749999999998
0.6725814494680851 0.7906000664893615 0.08269614361702127 0.08269614361702116
0.6862948803191489 0.8595827792553191 0.06939827127659581 0.05859375
0.7648354388297871 0.6746592420212765 0.08186502659574468 0.07604720744680848
0.7106050531914894 0.7588098404255319 0.06150265957446799 0.08643617021276606
0.8682120901639344 0.6818647540983607 0.05122950819672134 0.07044057377049173
0.8173027663934427 0.7398181352459017 0.078765368852459 0.07364241803278693
