0.40392736486486486 0.11324605855855863 0.07038288288288286 0.0563063063063063
0.1600506756756757 0.25119650900900903 0.08657094594594592 0.06897522522522517
0.43771114864864863 0.41237331081081086 0.04786036036036034 0.059121621621621656
0.608741554054054 0.31806024774774777 0.057713963963964 0.0774211711711712
0.6421734234234234 0.20509572072072074 0.06404842342342332 0.04856418918918917
0.7452843468468469 0.19559403153153157 0.08586711711711714 0.08727477477477474
0.730152027027027 0.3008164414414415 0.055602477477477485 0.07530968468468474
0.6907376126126126 0.2997606981981982 0.037302927927928 0.042229729729729715
0.6699746621621622 0.3455095720720721 0.05349099099099086 0.07601351351351354
0.7597128378378379 0.3852759009009009 0.05419481981981977 0.06264076576576572
0.8804194819819822 0.28603603603603606 0.0591216216216216 0.03730292792792789
0.740357545045045 0.559473536036036 0.05067567567567566 0.07179054054054057
0.8842905405405406 0.5644003378378378 0.0570101351351352 0.0380067567567568
0.5028153153153153 0.6319679054054054 0.04715653153153149 0.061936936936936915
0.6801801801801801 0.45284346846846846 0.049971846846846746 0.055602477477477485
0.8751407657657659 0.7002393018018018 0.06686373873873885 0.04082207207207211
0.7139639639639639 0.6875703828828827 0.06264076576576583 0.07601351351351349
