0.5506365740740742 0.36545138888888884 0.08825231481481488 0.08391203703703698
0.5752314814814815 0.41391782407407407 0.08246527777777768 0.062210648148148084
0.681568287037037 0.3256655092592593 0.11574074074074059 0.10561342592592587
0.767650462962963 0.2909432870370371 0.11718750000000011 0.11718750000000003
0.662037037037037 0.5202546296296295 0.07667824074074059 0.08391203703703709
0.7640335648148149 0.4312789351851852 0.08680555555555569 0.08825231481481477
0.8096064814814814 0.3784722222222222 0.07089120370370361 0.05787037037037024
0.7994791666666667 0.46166087962962954 0.09114583333333315 0.0969328703703704
0.8515625 0.40379050925925924 0.05353009259259234 0.05642361111111105
0.8327546296296295 0.4898726851851851 0.08825231481481477 0.08391203703703698
0.9021990740740741 0.4522569444444444 0.05931712962962976 0.05208333333333326
0.9586226851851853 0.5426793981481481 0.06799768518518512 0.05353009259259256
0.9713252314814815 0.5737847222222221 0.055787037037037024 0.04340277777777779
0.9785590277777778 0.6027199074074074 0.04131944444444435 0.04340277777777779
0.9513888888888888 0.7054398148148148 0.07957175925925919 0.06944444444444442
0.8117766203703702 0.6895254629629629 0.07812499999999989 0.06076388888888884
0.7835648148148148 0.6027199074074074 0.07957175925925908 0.04918981481481477
0.17592592592592596 0.13975694444444448 0.044849537037037035 0.06655092592592596
0.16362847222222227 0.1911168981481482 0.04340277777777776 0.0390625
0.12456597222222228 0.13903356481481483 0.04340277777777776 0.05642361111111108
0.12745949074074078 0.19835069444444448 0.028935185185185217 0.07378472222222224
0.11660879629629634 0.25911458333333337 0.030381944444444406 0.05642361111111113
0.16145833333333337 0.2627314814814815 0.04774305555555558 0.03472222222222221
0.07031250000000004 0.14626736111111113 0.02748842592592595 0.06221064814814814
0.02546296296296302 0.15422453703703706 0.04774305555555554 0.07233796296296297
0.07103587962962968 0.0623553240740741 0.04340277777777777 0.03906249999999999
0.08839699074074078 0.03342013888888892 0.0752314814814815 0.033275462962962965
0.03848379629629635 0.25766782407407407 0.03906249999999995 0.044849537037037035
0.04788773148148153 0.29890046296296297 0.034722222222222224 0.03182870370370372
0.08405671296296299 0.32494212962962965 0.02314814814814814 0.05208333333333337
0.06958912037037042 0.38859953703703703 0.05497685185185181 0.05208333333333337
0.1354166666666667 0.5462962962962963 0.07378472222222227 0.06076388888888884
0.08405671296296302 0.5665509259259258 0.0491898148148148 0.05787037037037035
