0.5144675925925927 0.5188325711382114 0.1171875 0.09254319105691056
0.5449695121951219 0.6113440040650406 0.1270325203252033 0.09972052845528456
0.4401041666666667 0.771484375 0.09895833333333337 0.07421875
0.3580729166666667 0.5924479166666667 0.06510416666666663 0.07291666666666663
0.37141927083333337 0.20768229166666669 0.115234375 0.109375
0.2682291666666667 0.16341145833333334 0.1015625 0.109375
0.4596354166666667 0.2526041666666667 0.07421875 0.07942708333333337
0.498046875 0.2138671875 0.04296875 0.04361979166666666
0.5465494791666667 0.19368489583333334 0.06966145833333337 0.06966145833333331
0.5084635416666667 0.15071614583333334 0.06770833333333337 0.051432291666666685
0.5452473958333334 0.11100260416666667 0.09309895833333331 0.08919270833333334
0.482421875 0.10416666666666667 0.0390625 0.029947916666666657
0.6145833333333334 0.26009114583333337 0.04296875 0.07747395833333331
0.5960286458333334 0.1806640625 0.03971354166666674 0.05403645833333334
0.6285807291666667 0.16536458333333334 0.04231770833333337 0.061197916666666685
0.6767578125 0.13541666666666669 0.04752604166666663 0.027343750000000014
0.5592447916666667 0.25 0.0625 0.11848958333333334
0.7447916666666667 0.12955729166666669 0.07161458333333337 0.03385416666666666
0.27734375 0.2770182291666667 0.10416666666666669 0.10221354166666666
0.32649739583333337 0.26106770833333337 0.056640625 0.049479166666666685
0.22623697916666669 0.20149739583333334 0.068359375 0.076171875
0.16145833333333334 0.115234375 0.06380208333333331 0.06901041666666667
0.173828125 0.22005208333333334 0.07682291666666666 0.08072916666666669
0.14095052083333334 0.22819010416666669 0.07356770833333333 0.095703125
0.10319010416666667 0.22526041666666669 0.05013020833333334 0.05729166666666666
0.3473307291666667 0.12858072916666669 0.10481770833333337 0.10221354166666666
0.30501302083333337 0.08821614583333334 0.064453125 0.06315104166666667
0.29036458333333337 0.058919270833333336 0.057291666666666685 0.05143229166666667
0.42415364583333337 0.05729166666666667 0.080078125 0.053385416666666664
0.33919270833333337 0.330078125 0.057291666666666685 0.061197916666666685
0.23274739583333334 0.31184895833333337 0.08528645833333331 0.1015625
0.162109375 0.046223958333333336 0.05989583333333334 0.04947916666666667
0.08072916666666667 0.34765625 0.037760416666666664 0.045572916666666685
0.12565104166666669 0.3955078125 0.09375000000000001 0.09700520833333331
0.13834635416666669 0.3203125 0.052734375000000014 0.048177083333333315
0.18424479166666669 0.36555989583333337 0.06640625 0.087890625
0.10839843750000001 0.27734375 0.06184895833333334 0.052083333333333315
0.06315104166666667 0.298828125 0.053385416666666664 0.045572916666666685
0.07389322916666667 0.16829427083333334 0.06966145833333334 0.06966145833333331
0.03580729166666667 0.0703125 0.06770833333333334 0.09765625
0.0654296875 0.033203125 0.09440104166666667 0.06380208333333334
0.08821614583333334 0.11197916666666669 0.04752604166666667 0.039062500000000014
0.2945963541666667 0.3717447916666667 0.09309895833333337 0.09895833333333337
0.0517578125 0.4088541666666667 0.10091145833333334 0.14453125
0.6087239583333334 0.36555989583333337 0.10807291666666674 0.146484375
0.23046875000000003 0.41796875 0.08854166666666669 0.061197916666666685
0.32356770833333337 0.4267578125 0.09114583333333331 0.061848958333333315
0.177734375 0.5696614583333334 0.07942708333333334 0.0859375
0.10221354166666669 0.5576171875 0.08984375000000001 0.09049479166666663
0.2705078125 0.5859375 0.11653645833333334 0.07291666666666663
0.2236328125 0.7291666666666667 0.07356770833333334 0.07291666666666663
0.23600260416666669 0.6614583333333334 0.076171875 0.08854166666666674
0.33333333333333337 0.6803385416666667 0.13151041666666669 0.10807291666666663
0.16276041666666669 0.6318359375 0.07161458333333334 0.048828125
0.46419270833333337 0.8987630208333334 0.10416666666666674 0.11002604166666674
0.5498046875 0.8567708333333334 0.10221354166666669 0.06510416666666674
0.5764973958333334 0.9205729166666667 0.103515625 0.09505208333333337
