0.3428819444444444 0.2925347222222222 0.10069444444444442 0.08159722222222221
0.3450520833333333 0.4578993055555556 0.08246527777777779 0.061631944444444475
0.43185763888888884 0.44314236111111105 0.044270833333333315 0.047743055555555525
0.546875 0.4288194444444444 0.05034722222222221 0.055555555555555525
0.6484375 0.4210069444444444 0.03993055555555558 0.046875000000000056
0.7573784722222222 0.3489583333333333 0.07899305555555558 0.05381944444444442
0.73828125 0.07074652777777778 0.04947916666666663 0.033854166666666664
0.7491319444444444 0.1714409722222222 0.05034722222222232 0.040798611111111105
0.6263020833333333 0.5108506944444444 0.04079861111111105 0.04427083333333326
0.8250868055555556 0.4852430555555556 0.04774305555555569 0.053819444444444475
0.8294270833333333 0.6870659722222221 0.08420138888888884 0.09809027777777779
0.41579861111111105 0.5972222222222221 0.045138888888888895 0.05034722222222221
0.30989583333333337 0.55078125 0.048611111111111105 0.05295138888888884
0.328125 0.7578125 0.08506944444444442 0.08159722222222221
0.5282118055555556 0.7795138888888888 0.07031250000000006 0.05555555555555558
0.5703125 0.7204861111111112 0.06597222222222221 0.05729166666666663
0.7113715277777777 0.7799479166666666 0.08072916666666663 0.0703125
0.7808159722222221 0.40017361111111116 0.09809027777777779 0.057291666666666685
0.125 0.6228298611111112 0.046875 0.03732638888888895
0.16102430555555552 0.6875 0.04774305555555555 0.05381944444444442
0.04904513888888888 0.45833333333333326 0.05468749999999999 0.039930555555555525
0.0646701388888889 0.5629340277777778 0.051215277777777776 0.0425347222222221
0.08723958333333334 0.7361111111111112 0.058159722222222224 0.05729166666666663
0.3897569444444444 0.8619791666666667 0.06597222222222221 0.05208333333333337
0.2443576388888889 0.8632812499999999 0.05989583333333329 0.06336805555555558
0.1323784722222222 0.8537326388888888 0.05989583333333334 0.05989583333333348
0.57421875 0.8467881944444444 0.06336805555555558 0.0546875
0.6302083333333333 0.8133680555555555 0.06597222222222221 0.05381944444444442
0.7335069444444444 0.8654513888888888 0.03993055555555558 0.05555555555555558
0.7604166666666667 0.9058159722222221 0.05034722222222221 0.0546875
