0.1966497747747748 0.21389358108108114 0.05560247747747746 0.04222972972972969
0.19242680180180186 0.1055039414414415 0.04434121621621617 0.03519144144144143
0.2649211711711712 0.280053490990991 0.06404842342342343 0.09431306306306309
0.3039836711711712 0.20122466216216217 0.04645270270270274 0.047860360360360316
0.5098536036036037 0.1843327702702703 0.10205518018018023 0.046452702702702686
0.6650478603603602 0.22409909909909914 0.057713963963964 0.020411036036036084
0.38809121621621623 0.2969453828828829 0.04997184684684686 0.0591216216216216
0.4081503378378379 0.09529842342342348 0.06334459459459463 0.10064752252252251
0.46903153153153154 0.08896396396396403 0.052787162162162116 0.06967905405405403
0.13682432432432437 0.09600225225225231 0.054194819819819814 0.05982545045045044
0.18468468468468474 0.15160472972972977 0.051379504504504486 0.051379504504504486
0.23641610360360363 0.1519566441441442 0.032376126126126115 0.03378378378378377
0.28286880630630634 0.10655968468468474 0.0591216216216216 0.0344876126126126
