0.07248263888888892 0.09346064814814817 0.04918981481481479 0.08969907407407407
0.18750000000000003 0.10865162037037039 0.0998263888888889 0.07667824074074073
0.05512152777777783 0.41030092592592593 0.05208333333333334 0.0752314814814814
0.1643518518518519 0.1867766203703704 0.053530092592592615 0.07089120370370369
0.2562210648148148 0.1911168981481482 0.05787037037037032 0.07089120370370372
0.3459201388888889 0.20052083333333337 0.04340277777777779 0.07523148148148148
0.3343460648148149 0.3509837962962963 0.052083333333333315 0.06944444444444448
0.44357638888888895 0.1209490740740741 0.044849537037037035 0.07233796296296297
0.44068287037037046 0.20920138888888895 0.059317129629629595 0.08101851851851852
0.5325520833333335 0.12745949074074076 0.04629629629629639 0.07089120370370369
0.5810185185185185 0.20775462962962965 0.05353009259259256 0.06655092592592593
0.6331018518518519 0.20775462962962965 0.05063657407407407 0.06655092592592593
0.6208043981481481 0.36400462962962965 0.04918981481481488 0.06076388888888884
0.7155671296296297 0.37123842592592593 0.06799768518518512 0.06365740740740738
0.8428819444444444 0.220775462962963 0.04774305555555536 0.06944444444444448
0.8486689814814815 0.3763020833333333 0.04484953703703698 0.06510416666666663
0.8971354166666665 0.3755787037037037 0.04050925925925919 0.06944444444444436
0.94921875 0.2243923611111111 0.04629629629629628 0.07378472222222221
0.9484953703703705 0.37919560185185186 0.05931712962962943 0.06799768518518506
0.8855613425925926 0.46166087962962965 0.05208333333333326 0.07089120370370372
0.8819444444444444 0.5896990740740741 0.04484953703703709 0.05497685185185186
0.9361979166666665 0.6663773148148148 0.04050925925925919 0.07233796296296302
0.8877314814814814 0.6656539351851851 0.05642361111111105 0.07378472222222221
0.8363715277777779 0.6685474537037037 0.04340277777777779 0.07089120370370372
0.7445023148148149 0.6591435185185185 0.04774305555555558 0.06655092592592582
0.7054398148148148 0.5802951388888888 0.04484953703703698 0.06510416666666652
0.6526331018518519 0.5766782407407407 0.04629629629629639 0.0723379629629628
0.658420138888889 0.6576967592592593 0.04918981481481466 0.07233796296296291
0.6048900462962964 0.6591435185185185 0.06365740740740744 0.078125
0.5108506944444444 0.648292824074074 0.043402777777777846 0.07089120370370372
0.46455439814814814 0.648292824074074 0.04918981481481477 0.07667824074074081
0.4124710648148148 0.6490162037037036 0.06365740740740733 0.07233796296296302
0.37630208333333337 0.564380787037037 0.04629629629629628 0.07378472222222232
0.3690682870370371 0.6461226851851851 0.049189814814814825 0.07233796296296302
0.3285590277777778 0.5614872685185184 0.054976851851851805 0.07378472222222221
0.3227719907407408 0.6374421296296295 0.043402777777777735 0.06944444444444453
0.42693865740740744 0.4305555555555556 0.04918981481481488 0.07233796296296297
0.25115740740740744 0.42332175925925924 0.04484953703703701 0.078125
0.1469907407407408 0.42259837962962965 0.050636574074074084 0.07667824074074076
0.2005208333333334 0.4189814814814815 0.059317129629629595 0.078125
0.0522280092592593 0.5441261574074074 0.04340277777777776 0.07667824074074081
0.09346064814814818 0.5528067129629629 0.04195601851851852 0.05642361111111116
0.2316261574074075 0.6309317129629629 0.04340277777777779 0.07089120370370372
0.18967013888888892 0.6323784722222222 0.04918981481481488 0.06510416666666674
0.5231481481481481 0.4356192129629629 0.04484953703703709 0.06799768518518517
0.3169849537037038 0.8501157407407407 0.04918981481481477 0.06944444444444453
0.3603877314814815 0.8522858796296295 0.043402777777777735 0.07378472222222221
0.494212962962963 0.8544560185185184 0.053530092592592615 0.07523148148148151
0.6540798611111112 0.8616898148148148 0.05497685185185186 0.06365740740740744
0.7416087962962963 0.8718171296296295 0.04484953703703698 0.05787037037037024
0.9246238425925926 0.8088831018518517 0.04050925925925908 0.07089120370370372
0.9723668981481483 0.8059895833333333 0.04918981481481488 0.07089120370370372
0.8776041666666666 0.7994791666666665 0.04774305555555536 0.06365740740740733
0.8725405092592592 0.8819444444444444 0.05497685185185186 0.08391203703703709
0.5947627314814814 0.7879050925925926 0.05497685185185175 0.07233796296296302
0.6519097222222223 0.7879050925925926 0.04774305555555569 0.08101851851851849
0.5491898148148148 0.8616898148148148 0.0390625 0.06944444444444442
