0.659375 0.25390625 0.08020833333333333 0.0546875
0.5875 0.32578125 0.04270833333333335 0.05364583333333334
0.60859375 0.19557291666666668 0.041145833333333326 0.03489583333333335
0.6455729166666666 0.15729166666666666 0.04427083333333337 0.033333333333333326
0.7442708333333333 0.16458333333333333 0.059374999999999956 0.06145833333333334
0.5020833333333333 0.3572916666666667 0.09791666666666665 0.054166666666666696
0.4151041666666666 0.27057291666666666 0.05833333333333329 0.03281250000000002
0.6947916666666667 0.38411458333333337 0.048958333333333326 0.039062499999999944
0.7734375 0.33958333333333335 0.046875 0.05416666666666664
0.3466145833333333 0.6580729166666667 0.04635416666666664 0.046354166666666696
0.4369791666666667 0.5432291666666667 0.04270833333333329 0.048958333333333215
0.4859375 0.4677083333333333 0.057291666666666574 0.024999999999999967
0.65 0.5924479166666666 0.050000000000000044 0.06510416666666674
0.5992187499999999 0.4848958333333333 0.06093749999999998 0.034375000000000044
0.5895833333333333 0.45677083333333335 0.054166666666666696 0.038541666666666696
0.10677083333333334 0.4744791666666667 0.07708333333333335 0.06875000000000003
0.10755208333333334 0.5414062500000001 0.07135416666666669 0.06510416666666663
0.21302083333333333 0.45625 0.09375 0.06874999999999998
0.15651041666666665 0.7768229166666667 0.0796875 0.05781249999999993
0.22369791666666666 0.7953125 0.05052083333333335 0.05208333333333326
0.22708333333333333 0.7364583333333333 0.04583333333333334 0.055208333333333304
0.2901041666666667 0.75703125 0.05416666666666664 0.05885416666666654
