0.8761574074074074 0.693142361111111 0.04484953703703698 0.04774305555555558
0.12311921296296299 0.4652777777777777 0.06076388888888888 0.037615740740740755
0.02907986111111116 0.44068287037037035 0.05787037037037032 0.034722222222222265
0.02907986111111116 0.38208912037037035 0.0520833333333333 0.0390625
0.02322048611111114 0.5853587962962963 0.04644097222222228 0.03472222222222221
0.02256944444444451 0.6446759259259259 0.04484953703703702 0.0376157407407407
0.18243634259259264 0.6048900462962963 0.06365740740740744 0.04484953703703698
0.18171296296296302 0.5462962962962963 0.062210648148148195 0.04629629629629628
0.1723090277777778 0.857349537037037 0.07233796296296291 0.08101851851851849
0.1325231481481482 0.3719618055555556 0.0622106481481481 0.04774305555555558
0.19473379629629634 0.3755787037037037 0.06510416666666671 0.04629629629629628
0.19979745370370372 0.2714120370370371 0.06365740740740744 0.04629629629629631
0.19690393518518523 0.052951388888888916 0.06076388888888892 0.06076388888888888
0.1137152777777778 0.04716435185185188 0.05063657407407404 0.05208333333333333
0.06163194444444448 0.04499421296296299 0.0535300925925926 0.056423611111111105
0.6063368055555556 0.07103587962962965 0.06655092592592593 0.06221064814814813
0.5578703703703702 0.18750000000000006 0.05642361111111105 0.07523148148148148
0.35098379629629634 0.060908564814814846 0.07378472222222221 0.062210648148148154
0.47829861111111116 0.06597222222222224 0.08535879629629634 0.06076388888888888
0.3538773148148149 0.13975694444444448 0.06510416666666669 0.04050925925925926
0.40596064814814814 0.1383101851851852 0.062210648148148084 0.03761574074074074
0.39728009259259256 0.2063078703703704 0.06510416666666669 0.0405092592592593
0.3227719907407408 0.2844328703703704 0.049189814814814825 0.05787037037037035
0.3451967592592593 0.3661747685185185 0.10850694444444442 0.11718749999999994
0.7155671296296297 0.7654803240740741 0.0390625 0.04774305555555558
0.7365451388888888 0.08043981481481485 0.04629629629629639 0.05787037037037038
