0.7531828703703705 0.3640046296296296 0.08535879629629639 0.08391203703703698
0.32711226851851855 0.4066840277777778 0.09548611111111116 0.12876157407407401
0.19256365740740744 0.5860821759259259 0.1533564814814815 0.1548032407407407
0.33289930555555564 0.6359953703703703 0.08101851851851849 0.1215277777777779
0.5412326388888888 0.5802951388888888 0.08101851851851849 0.12297453703703698
0.4754050925925926 0.5766782407407407 0.07378472222222221 0.09837962962962976
0.40089699074074076 0.5940393518518519 0.08101851851851849 0.08101851851851849
0.3560474537037037 0.5166377314814814 0.08680555555555558 0.10561342592592593
0.3003472222222222 0.5622106481481481 0.056423611111111105 0.05208333333333326
0.8674768518518516 0.466724537037037 0.09982638888888895 0.0925925925925925
