0.8602430555555556 0.955005787037037 0.07089120370370339 0.06799768518518512
0.9296875 0.8812210648148148 0.07089120370370372 0.07378472222222232
0.7445023148148149 0.1911168981481482 0.07667824074074081 0.08246527777777776
0.20124421296296302 0.39076967592592593 0.11284722222222221 0.05931712962962965
0.06524884259259264 0.27213541666666674 0.04918981481481479 0.030381944444444475
0.06814236111111116 0.29673032407407407 0.04629629629629628 0.036168981481481455
0.0739293981481482 0.31843171296296297 0.04050925925925926 0.03616898148148151
0.0522280092592593 0.337962962962963 0.03182870370370372 0.040509259259259245
0.05005787037037042 0.23451967592592593 0.04195601851851852 0.03616898148148148
0.07537615740740747 0.17520254629629634 0.057870370370370364 0.05063657407407404
0.1108217592592593 0.2417534722222222 0.050636574074074056 0.03906249999999997
0.1361400462962964 0.20847800925925927 0.06655092592592596 0.041956018518518545
0.19545717592592599 0.1477141203703704 0.04629629629629628 0.05642361111111112
0.23524305555555564 0.1969039351851852 0.04195601851851852 0.047743055555555525
0.23162615740740744 0.25115740740740744 0.06655092592592593 0.07233796296296299
0.17592592592592593 0.25332754629629634 0.05063657407407404 0.06221064814814817
0.13758680555555564 0.08767361111111113 0.07233796296296298 0.07523148148148145
0.22656250000000006 0.0797164351851852 0.0882523148148148 0.05063657407407406
0.2808159722222222 0.8609664351851851 0.0983796296296296 0.09693287037037024
