0.6786747685185185 0.5434027777777777 0.06944444444444442 0.06076388888888884
0.5506365740740741 0.03848379629629633 0.0795717592592593 0.07523148148148147
0.5868055555555556 0.2771990740740741 0.14612268518518512 0.10416666666666666
0.5361689814814815 0.7119502314814814 0.08246527777777768 0.05931712962962965
0.552806712962963 0.63671875 0.10127314814814814 0.04774305555555569
0.6331018518518519 0.6974826388888888 0.06510416666666663 0.05063657407407396
0.5571469907407407 0.9593460648148147 0.10127314814814803 0.05063657407407407
0.3300057870370371 0.9072627314814814 0.0810185185185186 0.15190972222222232
0.2200520833333334 0.7741608796296295 0.08680555555555552 0.06221064814814803
0.2909432870370371 0.7690972222222222 0.052083333333333315 0.05497685185185186
0.31915509259259256 0.7097800925925926 0.07957175925925924 0.07233796296296302
0.30685763888888895 0.642505787037037 0.078125 0.07089120370370372
0.28587962962962965 0.5658275462962963 0.10850694444444448 0.09693287037037035
0.07103587962962968 0.6736111111111112 0.09259259259259256 0.09548611111111105
0.05656828703703709 0.5708912037037037 0.09837962962962962 0.10127314814814825
0.5339988425925926 0.14192708333333337 0.0954861111111111 0.12297453703703706
0.47251157407407407 0.26345486111111116 0.08825231481481483 0.11140046296296294
0.41319444444444453 0.4291087962962963 0.07667824074074076 0.09548611111111105
0.47540509259259256 0.45732060185185186 0.07957175925925924 0.08535879629629628
0.5513599537037037 0.47974537037037035 0.0810185185185186 0.08391203703703703
0.5549768518518519 0.4124710648148148 0.05931712962962976 0.02748842592592593
0.4985532407407408 0.3763020833333333 0.07089120370370372 0.06510416666666663
0.42115162037037035 0.34736689814814814 0.12731481481481483 0.06510416666666669
0.34375000000000006 0.33145254629629634 0.05931712962962965 0.05353009259259256
0.28515625 0.3083043981481482 0.08391203703703701 0.07378472222222221
0.1484375 0.5723379629629629 0.1056134259259259 0.09548611111111116
0.0912905092592593 0.13975694444444448 0.037615740740740755 0.046296296296296294
0.11443865740740747 0.22294560185185186 0.020254629629629636 0.04484953703703706
0.25983796296296297 0.22077546296296302 0.10271990740740744 0.08680555555555561
0.20486111111111116 0.34447337962962965 0.044849537037037035 0.03038194444444442
0.07320601851851856 0.5101273148148148 0.0882523148148148 0.0954861111111111
0.33940972222222227 0.39728009259259256 0.06799768518518523 0.052083333333333315
0.26345486111111116 0.36834490740740744 0.08391203703703701 0.06944444444444436
0.14048032407407413 0.4956597222222222 0.09548611111111112 0.1012731481481482
0.08839699074074078 0.20992476851851855 0.0260416666666667 0.04195601851851852
0.06741898148148154 0.2605613425925926 0.041956018518518504 0.05642361111111113
0.03776041666666672 0.39728009259259256 0.07233796296296292 0.08391203703703698
0.02618634259259265 0.31409143518518523 0.0520833333333333 0.047743055555555525
0.024016203703703762 0.265625 0.0390625 0.049189814814814825
