0.11950231481481485 0.06380208333333337 0.04774305555555558 0.04484953703703704
0.10214120370370376 0.09635416666666669 0.0390625 0.017361111111111105
0.09201388888888892 0.1260127314814815 0.041956018518518504 0.03327546296296292
0.08839699074074078 0.17737268518518523 0.043402777777777776 0.05208333333333337
0.06958912037037042 0.26924189814814814 0.1070601851851852 0.10850694444444439
0.02249710648148151 0.38498263888888884 0.04499421296296302 0.053530092592592504
0.05078125000000006 0.4247685185185185 0.06076388888888888 0.043402777777777735
0.04354745370370376 0.36255787037037035 0.03761574074074075 0.049189814814814825
0.1672453703703704 0.33940972222222227 0.05353009259259256 0.05208333333333337
0.23596643518518523 0.318431712962963 0.07812500000000003 0.06221064814814814
0.2063078703703704 0.09780092592592594 0.030381944444444448 0.0491898148148148
0.16145833333333337 0.08478009259259263 0.03616898148148148 0.04629629629629631
0.20486111111111116 0.15639467592592593 0.0390625 0.04195601851851852
0.17086226851851857 0.6331018518518519 0.0954861111111111 0.08680555555555547
0.2359664351851852 0.5694444444444444 0.10416666666666657 0.078125
0.3524305555555556 0.5188078703703702 0.0766782407407407 0.06655092592592593
0.4247685185185185 0.4855324074074074 0.11140046296296297 0.11284722222222221
0.2960069444444444 0.32060185185185186 0.062210648148148084 0.05497685185185186
0.34736689814814814 0.29817708333333337 0.054976851851851916 0.05353009259259256
0.3582175925925926 0.3350694444444445 0.05642361111111116 0.04340277777777779
0.36400462962962965 0.3697916666666667 0.056423611111111105 0.05208333333333337
0.37774884259259267 0.4131944444444444 0.08680555555555552 0.06076388888888884
0.42693865740740744 0.3408564814814815 0.078125 0.043402777777777735
0.4457465277777778 0.38208912037037035 0.052083333333333315 0.04484953703703698
0.4949363425925926 0.39076967592592593 0.07233796296296291 0.050636574074074014
0.5072337962962963 0.4262152777777778 0.07667824074074081 0.06365740740740744
0.5455729166666666 0.46600115740740744 0.12442129629629628 0.08535879629629634
0.49493634259259267 0.3271122685185185 0.078125 0.07089120370370366
0.5455729166666666 0.3119212962962963 0.04629629629629628 0.057870370370370405
0.5766782407407408 0.30107060185185186 0.03038194444444442 0.050636574074074125
0.5571469907407407 0.3647280092592593 0.06365740740740744 0.06221064814814814
0.5730613425925926 0.4045138888888889 0.06076388888888895 0.04918981481481477
0.6106770833333333 0.34736689814814814 0.06655092592592593 0.056423611111111105
0.28804976851851855 0.05324074074074074 0.04340277777777779 0.10648148148148148
0.33145254629629634 0.04571759259259263 0.04629629629629628 0.08969907407407407
0.40885416666666674 0.04499421296296299 0.07378472222222215 0.07957175925925924
0.6685474537037037 0.3285590277777778 0.078125 0.07667824074074076
0.6801215277777779 0.2301793981481482 0.06944444444444453 0.07378472222222224
0.6222511574074073 0.05656828703703707 0.07233796296296302 0.08246527777777778
0.8978587962962962 0.14699074074074076 0.05931712962962976 0.07233796296296294
0.853732638888889 0.07248263888888892 0.16493055555555558 0.11140046296296297
0.8537326388888888 0.25549768518518523 0.06944444444444431 0.06944444444444448
0.8305844907407408 0.3365162037037037 0.06655092592592604 0.08101851851851849
0.6439525462962963 0.42259837962962965 0.04918981481481488 0.06799768518518512
0.7068865740740742 0.3857060185185185 0.09403935185185197 0.10127314814814808
0.5434027777777779 0.8334780092592591 0.08246527777777779 0.07957175925925919
0.5701678240740742 0.8761574074074074 0.07812500000000011 0.07523148148148151
0.5911458333333333 0.9195601851851851 0.08246527777777779 0.06365740740740722
0.6258680555555556 0.9513888888888888 0.10271990740740744 0.0752314814814814
0.709056712962963 0.8450520833333333 0.09837962962962965 0.07667824074074059
0.742332175925926 0.8913483796296295 0.07523148148148151 0.07667824074074081
0.6772280092592593 0.7170138888888888 0.06655092592592593 0.04050925925925919
0.47685185185185186 0.8667534722222221 0.08535879629629628 0.07378472222222221
0.5296585648148149 0.6519097222222222 0.060763888888888895 0.0405092592592593
0.5339988425925927 0.7177372685185184 0.05497685185185186 0.07378472222222221
0.6027199074074074 0.6548032407407407 0.0419560185185186 0.02893518518518512
0.6121238425925927 0.7235243055555556 0.04918981481481488 0.04484953703703709
0.7003761574074074 0.5817418981481481 0.04918981481481466 0.0795717592592593
0.6374421296296298 0.6179108796296295 0.05063657407407407 0.05931712962962965
0.6960358796296295 0.4811921296296296 0.10995370370370361 0.11284722222222221
0.9405381944444443 0.36906828703703703 0.05497685185185186 0.06510416666666663
0.8942418981481484 0.37991898148148145 0.04050925925925919 0.04918981481481477
0.9087094907407407 0.43489583333333337 0.05208333333333315 0.08969907407407401
0.8370949074074072 0.915943287037037 0.05063657407407407 0.07378472222222221
0.8870081018518519 0.9116030092592593 0.04340277777777779 0.06510416666666663
0.976388888888889 0.9166467737268518 0.04565972222222214 0.0694046585648147
