0.876880787037037 0.5282118055555555 0.06365740740740755 0.0766782407407407
0.8421585648148147 0.4927662037037037 0.05208333333333315 0.052083333333333315
0.8081597222222222 0.44791666666666663 0.07089120370370372 0.06076388888888884
0.4891493055555556 0.8682002314814815 0.02025462962962965 0.0390625
0.5282118055555556 0.810329861111111 0.07233796296296297 0.06221064814814814
0.34592013888888895 0.7387152777777778 0.0954861111111111 0.08391203703703698
0.3603877314814815 0.6497395833333333 0.054976851851851805 0.04484953703703709
0.5759548611111112 0.5462962962962963 0.12442129629629628 0.08680555555555558
0.7647569444444444 0.673611111111111 0.06799768518518523 0.05787037037037046
0.7336516203703702 0.5086805555555556 0.06076388888888895 0.09548611111111105
0.7936921296296295 0.5224247685185185 0.06799768518518501 0.06799768518518517
0.6786747685185185 0.603443287037037 0.06944444444444442 0.06510416666666674
0.6844618055555556 0.6642071759259258 0.06944444444444453 0.06221064814814803
0.5853587962962963 0.5889756944444444 0.0390625 0.03327546296296291
0.7690972222222223 0.5911458333333333 0.10271990740740733 0.08680555555555547
0.5766782407407407 0.7951388888888888 0.05931712962962976 0.06365740740740744
0.18460648148148154 0.6714409722222221 0.062210648148148195 0.05353009259259267
0.2178819444444445 0.7531828703703703 0.07667824074074076 0.06944444444444442
0.24392361111111116 0.9571759259259258 0.05353009259259256 0.05787037037037035
0.12311921296296299 0.5101273148148147 0.052083333333333356 0.04918981481481477
0.4927662037037037 0.564380787037037 0.07089120370370366 0.09693287037037024
0.5557002314814814 0.6909722222222222 0.06076388888888884 0.06944444444444442
0.46889467592592593 0.701099537037037 0.06655092592592599 0.12442129629629628
0.5043402777777777 0.7705439814814814 0.04195601851851849 0.04050925925925919
0.6244212962962963 0.6215277777777777 0.04484953703703698 0.06655092592592593
