0.2280092592592593 0.8074363425925926 0.05931712962962965 0.05931712962962965
0.2547743055555556 0.7690972222222221 0.03472222222222221 0.04340277777777779
0.2728587962962963 0.45587384259259256 0.07957175925925924 0.0766782407407407
0.25766782407407407 0.5730613425925926 0.06365740740740738 0.05063657407407396
0.37268518518518523 0.8139467592592593 0.056423611111111105 0.05787037037037035
0.5238715277777778 0.7408854166666666 0.05208333333333326 0.09403935185185186
0.45876736111111116 0.8305844907407407 0.11574074074074076 0.09114583333333315
0.43995949074074076 0.9304108796296295 0.1620370370370371 0.08535879629629617
0.6721643518518519 0.6837384259259259 0.04774305555555547 0.04629629629629628
0.6830150462962963 0.6453993055555556 0.0347222222222221 0.03038194444444453
0.67578125 0.5578703703703703 0.05208333333333348 0.04918981481481488
0.5122974537037037 0.5933159722222221 0.05787037037037046 0.05353009259259267
0.47540509259259256 0.6511863425925926 0.07957175925925924 0.0361689814814814
0.4732349537037037 0.564380787037037 0.10127314814814814 0.04484953703703709
0.15639467592592599 0.8168402777777778 0.05787037037037038 0.0405092592592593
0.1346932870370371 0.9029224537037036 0.028935185185185175 0.05931712962962976
0.04644097222222227 0.9181134259259258 0.03761574074074074 0.04340277777777768
0.07899305555555561 0.8269675925925926 0.06510416666666664 0.0347222222222221
0.4862557870370371 0.44068287037037035 0.057870370370370294 0.043402777777777735
0.44936342592592593 0.4363425925925926 0.027488425925925986 0.04340277777777779
0.5086805555555556 0.4768518518518518 0.04195601851851849 0.02893518518518512
