0.14453125 0.428125 0.03281250000000002 0.029687500000000033
0.153125 0.46328125 0.046875 0.029687500000000033
0.148828125 0.496484375 0.05859375 0.03046874999999999
0.15625 0.5277343750000001 0.05781249999999999 0.03359374999999998
0.165625 0.55859375 0.0625 0.03750000000000009
0.17148437500000002 0.615234375 0.06484375 0.032031249999999956
0.17734375 0.646484375 0.0703125 0.039843749999999956
0.087109375 0.58671875 0.053906249999999996 0.03125
0.07421875 0.546875 0.024999999999999994 0.035937499999999956
0.08359375 0.46640625 0.04687499999999999 0.04843749999999997
0.021875 0.5550781250000001 0.04375 0.08828124999999998
0.0328125 0.46992187500000004 0.0421875 0.03203125000000001
0.037109375 0.4234375 0.03203125 0.03125
0.08281250000000001 0.422265625 0.0421875 0.02734375
0.022265624999999997 0.38125 0.04296875 0.0390625
0.028515625 0.339453125 0.053906249999999996 0.04296875
0.037109375 0.30195312500000004 0.06953124999999999 0.04765625000000001
0.033203125 0.25078125 0.060156249999999994 0.03593749999999998
0.08124999999999999 0.339453125 0.0359375 0.02421875000000001
0.077734375 0.36484375 0.02578124999999999 0.017187499999999967
0.08046875 0.383984375 0.0234375 0.021093750000000022
